"","comp","id","y","id.y","fp_ld_OPEX","fp_rd_OPEX","fp_t_OPEX","ld_opex_2012","rd_opex_2012","t_opex_2012","fp_ld_cens","fp_rd_cens","fp_t_cens","ld_rab.sf","rd_rab.sf","t_rab.sf","ld_dep.sf","rd_dep.sf","t_dep.sf","fp_ld_391","fp_rd_391","fp_t_391","fp_ld_cga","fp_rd_cga","ld_nl","rd_nl","ld_gci.cost","ap.t_2","ld_sum.cost","rd_sum.cost","t_sum.cost","lrt_sum.cost","ld_cost.RC","rd_cost.RC","t_cost.RC","lrt_cost.RC","lrt_cost.RC.ex.nlR.og.cgaR","lrt_cost.cby","ld_cn.cal.RAB","rd_cn.cal.RAB","ld_cn.pre.recal","rd_cn.pre.recal","t_cn.pre.recal","lrt_cn.pre.recal","lrt_RC.pre.recal","lrt_EBIT.pre.recal","lrt_RET.pre.recal","lrt_RAB","lrt_cn.pos.recal","lrt_RC.pos.recal","lrt_EBIT.pos.recal","lrt_RET.pos.recal"
"1","Alta Kraftlag SA",7,2014,72014,41312.2929171669,2995.27064472848,0,39795,2898,0,1288,0,0,202546.41,14572.28,0,13429,1622,0,179,0,0,0,0,28396,0,0,0.27392,64197.2331138657,4790.2671831591,0,68987.5002970248,77139.9487128657,5721.4358751591,0,82861.3845880248,82861,51580.23232,76140.7757954042,7324.10201300239,76140.7757954042,7324.10201300239,0,83464.8778084066,83223.4805202539,14235.9802232291,0.065567732668381,217118.69,93641.2080572812,89329.2786695786,20341.7783725538,0.0936896697956026
"2","And?y Energi AS",9,2014,92014,12319.7326318763,3694.88534708001,0,14709,4065,0,720,280,0,61317.1,61028.24,0,4425,3017,0,0,0,0,0,0,4538,3026,0,0.27392,19126.2028510361,7828.62629718395,0,26954.82914822,23044.3655410361,11728.3308331839,0,34772.69637422,34773,21845.93088,25007.1390810141,12682.8397095977,25007.1390810141,13292.0642895977,0,38299.2033706119,36888.6005720551,9933.77142383509,0.0811945221929588,122345.34,44033.5166360928,40329.1885313437,13374.3593831236,0.10931645932018
"3","Arendals Fossekompani ASA",10,2014,102014,60.5804228544793,397.797585324243,0,45,350,0,0,0,0,32.32,3981.42,0,63,593,0,0,0,0,0,0,538,4848,0,0.24424,235.394879878533,1989.82084672006,0,2225.21572659859,237.460127878533,2244.23358472006,0,2481.69371259859,2482,1710.47664,485.043624689696,619.223690173338,485.043624689696,1595.27153017334,0,2080.31515486303,2240.86657795726,15.6508513586659,0.00389931868000068,4013.74,2268.43872807139,2353.74072188227,128.52499528368,0.0320212558072223
"4","Ask?y Energi AS",14,2014,142014,13690.1560594737,6926.61458805566,0,14219,7157,0,1305,0,0,122528.15,35442.92,0,9280,1853,0,0,0,0,0,0,12523,2938,0,0.24316,27652.8823015692,9771.17958159014,0,37424.0618831594,35482.4310865692,12035.9821695901,0,47518.4132561594,47518,26440.49676,41337.7650647274,7932.89566631967,41337.7650647274,8524.40320631967,0,49862.168271047,48924.666265092,11500.6043819326,0.0728019654607176,157971.07,57266.2557684802,53367.1187635519,15943.0568803925,0.100923902587939
"5","Austevoll Kraftlag BA",16,2014,162014,17933.1353257387,0,0,18890,0,0,1012,0,0,57466.98,0,0,4229,0,0,410,0,0,0,0,7116,0,0,0.24316,25693.5624445174,0,0,25693.5624445174,29365.7024665174,0,0,29365.7024665174,29366,21222.32656,22388.1673210247,0,22388.1673210247,0,0,22388.1673210247,25179.1813792218,-514.381065295598,-0.00895089780767317,57466.98,25081.6386517769,26795.2641776731,1101.7017331557,0.0191710393195484
"6","Ballangen Energi AS",18,2014,182014,11102.0442765241,587.743716865995,0,11510,606,0,594,0,0,54493.54,1145.34,0,4003,108,0,139,0,0,0,0,3760,95,197.4,0.27392,17127.1996402831,748.816124021501,0,17876.0157643046,20609.3368462831,822.003350021501,0,21431.3401963046,21431,13626.9616,22435.5010093708,1079.30075795806,22642.8503154336,1098.42710795806,0,23741.2774233916,22817.3025325568,4941.28676825222,0.088809961096489,55638.88,26349.0658987067,24381.9756177459,6505.95985344125,0.116931898223711
"7","Bindal Kraftlag SA",22,2014,222014,6427.56841017704,0,0,6533,0,0,357,0,0,27672.99,0,0,1404,0,0,0,0,0,0,0,1442,0,0,0.27392,8868.11395743457,0,0,8868.11395743457,10636.4180184346,0,0,10636.4180184346,10636,7284.99264,10623.2288580836,0,10623.2288580836,0,0,10623.2288580836,10628.504522224,1760.39056478943,0.0636140353749063,27672.99,11920.2589995873,11406.7226071262,2538.60864969166,0.0917359725021279
"8","Fredrikstad Energi Nett AS",32,2014,322014,53614.1587364573,0,0,54557,0,0,2406,0,0,457058.33,0,0,36015,0,0,0,0,0,0,0,52600,0,8497.5,0.24519,105842.95290436,0,0,105842.95290436,135048.98019136,0,0,135048.98019136,135049,69859.994,125691.113140554,0,134616.902037559,0,0,134616.902037559,134789.73329908,28946.7803947193,0.0633327925447051,457058.33,156039.178070448,147643.098918813,41800.1460144523,0.0914547296719267
"9","Drangedal Elverk KF",35,2014,352014,12152.2795963509,0,0,12753,0,0,222,0,0,59736.45,3209.78,0,3616,309,0,357,0,0,0,0,5216,0,493.6,0.24424,17753.4799706277,309,0,18062.4799706277,21570.6391256277,514.104942,0,22084.7440676277,22085,13891.95584,22719.5317290985,643.124079373162,23238.0100344309,643.124079373162,0,23881.1341138041,23162.5780953335,5100.09812470582,0.081023091052567,62946.23,26831.4173178968,24932.7480177892,6870.26804716145,0.109145028179789
"10","AS Eidefoss",37,2014,372014,35588.841236768,3180.39994274641,0,30459,2865,0,3067,227,0,175848.07,32208.9,0,14354,2725,0,0,0,0,0,0,16951,8877,0,0.24519,58632.6574032763,8114.73652114137,0,66747.3939244177,69869.3490762763,10172.8852311414,0,80042.2343074177,80042,42950.76732,79138.8849547889,11325.2181112164,79138.8849547889,13112.4245212164,0,92251.3094760053,87367.6794085703,20620.2854841526,0.0991088425643831,208056.97,102002.917858039,93218.6444377905,26471.2505133728,0.127230779691605
"11","Etne Elektrisitetslag",41,2014,412014,8908.54037745693,105.088149562273,0,9077,101,0,540,0,0,31254.45,214.12,0,2500,16,0,0,0,0,0,0,2373,128,493.6,0.24424,12968.0400898719,152.927919918853,0,13120.9680097907,14965.1994448719,166.610187918853,0,15131.8096327907,15132,10328.84424,12472.6430924646,160.443678452431,12991.121397797,186.213918452431,0,13177.3353162494,13959.1250428659,838.157033075198,0.0266347353271915,31468.57,14652.263894622,14844.0821898895,1723.11418009877,0.0547566724544131
"12","Fauske Lysverk AS",42,2014,422014,20055.6767920994,0,0,19758,0,0,512,0,0,109691.05,0,0,6655,0,0,79,0,0,0,0,7761,0,0,0.27392,29969.3515847696,0,0,29969.3515847696,36978.6096797696,0,0,36978.6096797696,36979,22316.89312,33026.9003291259,0,33026.9003291259,0,0,33026.9003291259,34607.5840693834,4638.23248461375,0.0422845116772403,109691.05,38168.1083483241,37692.3088809023,7722.95729613267,0.0704064488044619
"13","Finn?s Kraftlag",43,2014,432014,20879.670246646,0,0,18811,0,0,1718,0,0,174189.65,0,0,9391,0,0,0,0,0,0,0,8030,0,263.2,0.24316,34897.8783536318,0,0,34897.8783536318,46028.5969886318,0,0,46028.5969886318,46029,22481.5748,41973.0201296681,0,42249.4858710851,0,0,42249.4858710851,43761.1303181038,8863.25196447203,0.0508827703854507,174189.65,50413.7365136064,48659.6807036165,13761.8023499848,0.0790047075126723
"14","Fitjar Kraftlag SA",45,2014,452014,15681.7536049714,0,0,16441,0,0,1303,0,0,41396.87,0,0,2782,0,0,93,0,0,0,0,3498,0,394.9,0.24316,21442.4036231575,0,0,21442.4036231575,24087.6636161575,0,0,24087.6636161575,24088,18501.57368,21383.160344779,0,21797.9639970799,0,0,21797.9639970799,22713.8438447109,1271.44022155349,0.030713438517296,41396.87,23738.2309560862,23878.0040201147,2435.60039695726,0.0588353756445176
"15","Fjelberg Kraftlag SA",46,2014,462014,10064.4209783616,0,0,9905,0,0,801,0,0,28610.27,0,0,1940,0,0,0,0,0,0,0,2237,0,0,0.24316,13877.4543593676,0,0,13877.4543593676,15705.6506123676,0,0,15705.6506123676,15706,11249.94892,12459.6720391634,0,12459.6720391634,0,0,12459.6720391634,13758.0634684451,-119.390890922557,-0.00417300818631063,28610.27,13800.6323960514,14562.6396825779,685.185323210277,0.023948928940911
"16","Forsand Elverk Kommunalt F?retak i Forsand",52,2014,522014,6543.79659100738,0,0,5785,0,0,610,0,0,32877.52,0,0,2043,0,0,84,0,0,0,0,1312,0,463.4,0.24424,9869.63382207742,0,0,9869.63382207742,11970.5073500774,0,0,11970.5073500774,11971,6631.44288,10882.9570988073,0,11369.7132711959,0,0,11369.7132711959,11610.0309027485,1740.39708067111,0.0529357774148146,32877.52,12910.6791884276,12534.6104530875,2664.97663101009,0.0810577145420362
"17","Fosenkraft AS",53,2014,532014,19826.6262227721,0,0,20666,0,0,893,0,0,150240.53,0,0,9945,0,0,43,0,0,0,0,1657,0,0,0.27448,32188.3565896812,0,0,32188.3565896812,41788.7264566812,0,0,41788.7264566812,41789,21970.81336,44479.1997353672,0,44479.1997353672,0,0,44479.1997353672,43403.0104238928,11214.6538342116,0.0746446636883641,150240.53,51520.957633068,47628.0651625133,15439.708572832,0.102766600815586
"18","Fusa Kraftlag SA",55,2014,552014,16170.4729502523,0,0,14881,0,0,299,0,0,78515.38,0,0,4570,0,0,0,0,0,0,0,5519,0,361.9,0.24316,23099.6342880967,0,0,23099.6342880967,28116.7670700967,0,0,28116.7670700967,28117,16522.00004,23681.306691374,0,24061.4470858225,0,0,24061.4470858225,25683.5750795321,2583.94079143546,0.0329099953593228,78515.38,27741.4547189556,27891.5796594121,4791.94537131538,0.0610319324865444
"19","Sunnfjord Energi AS",56,2014,562014,64085.4126090744,13066.2404841674,1214.53997490884,71653,13678,1459,5058,527,0,310363.91,109697.11,6154.94,21226,5892,340,0,0,0,0,0,18826,7675,0,0.24316,98115.9364427675,21811.6711029625,1624.68762978425,121552.295175514,117948.190291767,28821.3164319625,2017.98829578425,148787.495019514,148787,98818.98316,118111.646058053,23133.4619234846,118111.646058053,24678.6696734846,2017.98829578425,144808.304027322,146399.980424199,24847.6852486846,0.0582983453943972,426215.96,164785.001410219,158385.998853937,36833.703678423,0.0864202825216188
"20","Hadeland Energinett AS",62,2014,622014,38311.8641259165,3212,0,34739,3212,0,2779,0,0,229460.89,33024.98,0,13242,2251,0,860,0,0,0,0,16568,3039,0,0.24519,60021.3276412477,6260.35595114559,0,66281.6835923933,74683.8785122477,8370.65217314559,0,83054.5306853933,83055,44677.44033,87703.7585723855,8028.12527040714,87703.7585723855,8639.96714040714,0,96343.7257127926,91028.0477018329,24746.3641094396,0.0942769380669504,262485.87,108646.410934333,98409.658834757,32127.9752423637,0.122398875194172
"21","Trollfjord Kraft AS",63,2014,632014,22202.679986653,4377.33870646074,0,19988,3977,0,3396,3286,0,90815.16,84587.5,0,6754,3932,0,0,0,0,0,0,7855,4563,263.2,0.27392,35387.6419810717,12932.4476970101,0,48320.0896780817,41190.7307050717,18337.5889470101,0,59528.3196520817,59528,34048.53856,39766.8571921367,14873.518719758,40043.3229335538,15792.187509758,0,55835.5104433118,57312.6341268198,8992.54444873802,0.0512680049934136,175402.66,64056.6147374241,62245.2967032872,13925.2070252055,0.0793899421206352
"22","Hammerfest Energi Nett AS",65,2014,652014,30276.0506509003,7882.2708780699,0,28880,7693,0,2243,680,0,122560.47,72610.92,0,8691,3132,0,959,0,0,0,0,16111,3536,0,0.27392,46315.3700473661,12895.6998266709,0,59211.0698740369,54146.9840803661,17535.5376146709,0,71682.5216950369,71683,43918.70624,47538.117765805,17615.5283824085,47538.117765805,18327.4312624085,0,65865.5490282135,68192.3380949429,8981.26822090593,0.0460173400461304,195171.39,75013.2116259009,73680.9356535553,14469.8657795184,0.074139277173352
"23","HelgelandsKraft AS",71,2014,712014,170582.541765786,57102.7728129747,0,162069,54202,0,18684,3998,0,826967.8,444992.87,0,58355,35089,0,7605,175,0,0,438,89416,59777,0,0.27392,276417.632762918,112187.539716072,0,388605.172478991,329260.875182918,140622.584109072,0,469883.459291991,469445,272039.94656,288931.699074978,85600.2330181698,288931.699074978,98098.4338028715,0,387030.13287785,420171.463443506,31566.2909645154,0.0248170338195405,1271960.67,446646.796194581,455941.461433545,67336.288954554,0.0529389709467621
"24","Hemne Kraftlag SA",72,2014,722014,19812.9075649496,0,0,18251,0,0,913,0,0,56114.59,0,0,6051,0,0,0,0,0,0,0,3232,0,0,0.27448,28617.9483743927,0,0,28617.9483743927,32203.6706753927,0,0,32203.6706753927,32204,20051.11936,27375.3116920522,0,27375.3116920522,0,0,27375.3116920522,29306.6552853884,688.706910995727,0.0122732236125351,56114.59,30005.3966452186,30884.7062572882,2266.75788289554,0.0403951607397567
"25","Hurum Energiverk AS",82,2014,822014,14345.2937265547,0,0,11609,0,0,1104,0,0,94703.66,0,0,6586,0,0,0,0,0,0,0,11039,0,0,0.24519,25141.9539963797,0,0,25141.9539963797,31193.5178703797,0,0,31193.5178703797,31194,15419.65241,30015.0546017376,0,30015.0546017376,0,0,30015.0546017376,30486.4399091944,5344.48591281473,0.0564337842150423,94703.66,34453.8052221339,33149.6902814322,8007.7362850525,0.0845557213422639
"26","H?land og Setskog Elverk",84,2014,842014,16024.844466236,0,0,18518,0,0,582,0,0,80228.34,0,0,5310,0,0,252,0,0,0,0,11078,0,0,0.24519,25102.0519694614,0,0,25102.0519694614,30228.6428954614,0,0,30228.6428954614,30229,21564.21482,26473.1680643819,0,26473.1680643819,0,0,26473.1680643819,27975.3579968137,2873.30602735224,0.0358141029385906,80228.34,30233.4619532174,30231.534330115,5129.4823606536,0.0639360400658122
"27","Istad Nett AS",86,2014,862014,54938.4595674242,8465.04155982241,0,49226,8102,0,4743,64,0,418215.75,80423.27,0,25693,5278,0,0,0,0,0,487,29596,9545,0,0.27448,94745.1343770327,16736.0012765502,0,111481.135653583,121469.120802033,21875.0482295502,0,143344.169031583,142857,72878.42168,130346.068537115,22275.7547762101,130346.068537115,24712.5770725108,0,155058.645609626,150372.854978409,38891.7193248258,0.0779957399339222,498639.02,178429.804225658,164395.550148028,52914.4144944452,0.106117677061144
"28","J?ren Everk Kommunalt foretak i H?",88,2014,882014,21690.7198763515,566.200900971283,0,19169,528,0,1048,0,0,113106.87,24936.9,0,7288,1443,0,0,0,0,0,0,7599,1270,1020,0.24424,32862.2290179909,2297.59181911807,0,35159.820837109,40089.7580109909,3891.05972911807,0,43980.817740109,43981,22911.16456,38822.6685254104,3958.65877434765,39894.078313577,4214.34787434765,0,44108.4261879246,44057.3828087984,8897.56197168936,0.0644546434199049,138043.77,50578.523222499,47939.441029543,12779.620192434,0.0925765805471265
"29","Klepp Energi AS",91,2014,912014,13920.0820863111,0,0,13463,0,0,419,0,0,132392.82,0,0,8862,0,0,0,0,0,0,0,10588,0,3937.5,0.24424,26157.8585622669,0,0,26157.8585622669,34617.7597602669,0,0,34617.7597602669,34618,16468.01312,32045.5808791936,0,36181.5377820424,0,0,36181.5377820424,35556.0265733322,9398.1680110653,0.0709869916742109,132392.82,42386.7753822684,39279.1691334678,13121.3105712009,0.0991089288014326
"30","Krager? Energi AS",93,2014,932014,24996.409531587,3120.26667242509,0,21586,2826,0,1207,0,0,109022.43,19464.72,0,7301,1750,0,245,0,0,0,0,8677,729,0,0.24424,36755.8915656137,5197.25212183485,0,41953.1436874485,43722.4248426137,6441.04772983485,0,50163.4725724485,50163,27671.32144,40854.7185500394,7016.02900011154,40854.7185500394,7162.79857011154,0,48017.5171201509,48875.89930107,6922.75561362145,0.0538789724390451,128487.15,54039.6963767441,52489.2068550259,10536.0631675773,0.0820009095662667
"31","Kr?dsherad Everk KF",95,2014,952014,6223.52009748761,0,0,5980,0,0,500,0,0,26756.92,0,0,2023,0,0,0,0,0,0,0,3705,0,0,0.24519,9877.09775616203,0,0,9877.09775616203,11586.864944162,0,0,11586.864944162,11587,7388.42895,13583.3349227174,0,13583.3349227174,0,0,13583.3349227174,12784.7469312952,2907.64917513322,0.108669053655399,26756.92,14837.4289593142,13537.2033532533,3660.10559709132,0.136790990782621
"32","Kvam Kraftverk AS",96,2014,962014,22811,0,0,22811,0,0,1468,0,0,115106.67,0,0,7162,0,0,0,0,0,0,0,7614,0,131.6,0.24316,34365.4013577578,0,0,34365.4013577578,41720.7175707578,0,0,41720.7175707578,41721,26130.42024,37211.8275969224,0,37350.0604676309,0,0,37350.0604676309,39098.3233088817,4732.92195112385,0.0411177037014784,115106.67,42745.0980287373,42335.3458455455,7969.9444877877,0.0692396408287
"33","Kvinnherad Energi AS",97,2014,972014,30445.1691496764,0,0,30482,0,0,1014,0,0,123355.34,0,0,8709,0,0,88,0,0,0,0,5814,0,888.4,0.24316,43148.2174848474,0,0,43148.2174848474,51030.6237108474,0,0,51030.6237108474,51031,32821.73224,41253.1836460301,0,42186.3605634881,0,0,42186.3605634881,45724.0658224318,2575.84833758444,0.0208815308488829,123355.34,47968.0124231332,49193.0569382188,6044.83945337148,0.0490034679761045
"34","Kv?nangen Kraftverk AS",98,2014,982014,0,155.771043612272,715.691463048442,0,154,707,0,0,0,0,12309.88,4690.44,0,677,362,0,0,0,0,0,0,0,0,0.27392,0,841.767843744532,1119.0273422985,1960.79518604303,0,1628.36917574453,1418.7464582985,3047.11563404303,3047,861,0,1739.67884068739,0,1739.67884068739,1418.7464582985,3158.42529898589,3113.90143300874,1153.10624696572,0.0678285024614665,17000.32,3955.22851595697,3591.98336319139,1631.18817714837,0.0959504395886881
"35","Lier Everk AS",102,2014,1022014,20987.5341634419,0,0,17668,0,0,2694,0,0,98811.33,0,0,9897,0,0,0,0,0,0,0,26894,0,0,0.24519,40341.0533505901,0,0,40341.0533505901,46655.0973375901,0,0,46655.0973375901,46655,26956.13986,48127.648971099,0,48127.648971099,0,0,48127.648971099,47538.6283176954,7197.57496710539,0.0728415958686659,98811.33,52758.925653961,50317.3943274126,9976.34097682253,0.100963532995888
"36","Luostejok Kraftlag AL",103,2014,1032014,25697.972505997,653.669288892027,0,26360,646,0,2918,269,0,83588.61,51585.75,0,6314,1278,0,50,0,0,0,0,6839,1228,0,0.27392,37938.1672658879,2499.21429210287,0,40437.3815579907,43279.4794448879,5795.54371710287,0,49075.0231619907,49075,32352.71264,34917.3582113762,7236.18220662184,34917.3582113762,7483.41544662184,0,42400.7736579981,45070.4734595951,4633.09190160441,0.0342749312932157,135174.36,48736.3817465521,48871.8383127276,8434.45675473684,0.0623968684204374
"37","Luster Energiverk AS",104,2014,1042014,14259.5538648419,0,0,14714,0,0,852,0,0,42147.3,0,0,3486,0,0,269,0,0,0,0,6334,0,131.6,0.24519,20739.3032031388,0,0,20739.3032031388,23432.5156731388,0,0,23432.5156731388,23433,16850.03346,24064.3925719438,0,24202.6254426524,0,0,24202.6254426524,23894.5815348469,3155.27833170813,0.0748631189117246,42147.3,26178.0649771226,25079.8452555291,4340.54205239028,0.102985056038946
"38","L?rdal Energi AS",106,2014,1062014,14568.4657951357,1728.59933216218,0,15145,1712,0,2722,0,0,19103.14,5378.25,0,2032,326,0,0,0,0,0,0,4842,2438,32.9,0.24519,21275.9237431774,2645.27982881689,0,23921.2035719943,22496.6143891774,2988.95000381689,0,25485.5643929943,25486,21363.9832,14379.3762680523,2626.41419738935,14413.9344857294,3117.25673738935,0,17531.1912231187,20712.940491069,-3208.26308092532,-0.131049057301294,24481.39,18678.6314070637,21401.4046014359,-2519.79897055832,-0.102927120174072
"39","L?venskiold Fossum Kraft",108,2014,1082014,1876.86244252304,0,0,1876,0,0,0,0,0,13440.07,0,0,720,0,0,0,0,0,0,0,3076,0,0,0.24424,3324.55464688834,0,0,3324.55464688834,4183.37511988834,0,0,4183.37511988834,4183,2627.28224,3868.35918826063,0,3868.35918826063,0,0,3868.35918826063,3994.36556091171,669.810914023376,0.0498368620121306,13440.07,4498.29386080306,4372.32636443717,1047.77171754883,0.0779587991393522
"40","Mel?y Energi AS",116,2014,1162014,22980.5697805489,-327,0,21128,-327,0,3236,0,0,77583.15,898.9,0,6111,177,0,213,0,0,0,0,8472,500,0,0.27392,35523.6163455503,-68.2213961813843,0,35455.3949493689,40481.1796305503,-10.7816861813843,0,40470.3979443689,40470,26281.61024,33866.171274223,-111.446686181384,33866.171274223,-10.7816861813843,0,33855.3895880416,36501.3929305725,1045.99798120365,0.0133278626285074,78482.05,37533.8350475674,38708.460206288,3253.06525691912,0.0414497997557291
"41","Gauldal Nett AS",119,2014,1192014,18533.1320096694,0,0,18179,0,0,1013,0,0,76207.53,0,0,5091,0,0,0,0,0,0,0,7073,0,0,0.27448,27182.6060866238,0,0,27182.6060866238,32052.2672536238,0,0,32052.2672536238,32052,21133.39704,32961.3116703569,0,32961.3116703569,0,0,32961.3116703569,32597.6939036637,5415.08781703986,0.0710571227940318,76207.53,36533.150615825,34740.7972709446,7558.19118432072,0.0991790599212535
"42","Modalen Kraftlag BA",121,2014,1212014,1302.73554589052,0,0,1276,0,0,103,0,0,11717.01,0,0,739,0,0,0,0,0,0,0,1110,0,0,0.24316,2448.64475440909,0,0,2448.64475440909,3197.36169340909,0,0,3197.36169340909,3197,1648.9076,4013.25824738311,0,4013.25824738311,0,0,4013.25824738311,3686.8996257935,1238.25487138441,0.105680107073768,11717.01,4562.43327828149,4016.40464433253,1567.75988992344,0.13380204420099
"43","Nord-Salten Kraft AS",132,2014,1322014,34306.0702563398,9342.75591075305,0,41963,9836,0,1736,156,0,70326.3,89104.22,0,7046,7313,0,382,374,0,0,0,7109,14986,0,0.27392,46588.223386205,20376.355436887,0,66964.5788230921,51082.0739562051,26070.115094887,0,77152.1890510921,77152,58987.2624,54761.1880983116,22871.5242246781,54761.1880983116,25888.655604678,0,80649.8437029896,79250.7818422306,12286.2030191385,0.0770630555500824,159430.52,88122.33546899,83734.2769018309,16769.6980787388,0.105184992677304
"44","Ymber AS",133,2014,1332014,38193.2654271701,4383.50330017255,0,38272,4397,0,1993,2264,0,143132.15,71271.66,0,12280,5651,0,0,0,0,0,0,14141,6977,0,0.27392,57619.6354013162,14070.4683647957,0,71690.1037661119,66765.7797863162,18624.7274387957,0,85390.5072251119,85391,52710.64256,70835.8857269342,22171.8706954957,70835.8857269342,23576.5501054957,0,94412.4358324299,90803.6643895027,19113.5606233908,0.0891474858743919,214403.81,104461.519940191,96833.1148541595,25143.0110880476,0.117269423001614
"45","Nord-ùsterdal Kraftlag SA",135,2014,1352014,43029.6272712617,0,0,37942,0,0,2464,0,0,180640.52,501.97,0,12588,78,0,0,0,0,0,0,14398,0,65.8,0.24519,63589.809919848,78,0,63667.809919848,75132.7391478479,110.075883,0,75242.8150308479,75243,43936.24562,76177.2627250485,113.899052419304,76246.3791604028,113.899052419304,0,76360.2782128221,75913.2929400324,12245.4830201845,0.0676013839722777,181142.49,84850.4077375694,81007.3706548808,17339.5607350328,0.0957233210994993
"46","Nordkyn Kraftlag AL",138,2014,1382014,14863.6610581261,1019.68258659471,0,15014,1010,0,782,496,0,24244.04,21009.01,0,2016,1354,0,0,0,0,0,0,5700,7242,0,0.27392,19707.1302090219,4411.60707793785,0,24118.7372869597,21256.3243650219,5754.08281693785,0,27010.4071819597,27010,20847.07264,17063.9494011324,6250.47208228888,17063.9494011324,7708.50394228888,0,24772.4533434212,25667.6348788366,1548.89759187692,0.0342274739907458,45253.05,26893.4590549463,26940.2383057517,2821.50101879194,0.0623494111179674
"47","Odda Energi AS",146,2014,1462014,16295.6413613332,6202.62520975931,797.266115581923,16252,6046,774,668,507,0,101121.2,63245.19,20793.88,6296,1887,305,1062,0,0,0,0,8905,20971,2138.8,0.24424,26027.3336233241,13202.5126438009,1148.31346641028,40378.1597335353,32488.9783033241,17243.8802848009,2477.04239841028,52209.9009865353,52210,30481.91424,32985.5665409884,17566.5509099223,35232.1658105283,21788.6423399223,2477.04239841028,59497.8505488608,56582.6707239306,16204.5109903953,0.0875161339438279,185160.27,68176.2930011931,61789.73619533,21411.5764617947,0.11563807107105
"48","Evenes Kraftforsyning AS",147,2014,1472014,7706.9639175885,502.045219195605,0,8354,597,0,282,0,0,18110.31,996.87,0,1642,166,0,37,0,0,0,0,1471,280,0,0.27392,10386.4613909034,753.414025650339,0,11139.8754165538,11543.7101999034,817.114018650339,0,12360.8242185538,12361,9675.63392,9318.51594533038,922.64975497147,9318.51594533038,979.02215497147,0,10297.5381003018,11122.8525476026,-17.0228689511532,-0.000890914773983037,19107.18,11193.0896246994,11660.1834622411,520.308045687352,0.0272310223532385
"49","Oppdal Everk AS",149,2014,1492014,16377.6597931488,0,0,17341,0,0,634,0,0,93994.64,0,0,6327,0,0,300,0,0,0,0,4293,0,0,0.27448,25180.8415382786,0,0,25180.8415382786,31187.0990342786,0,0,31187.0990342786,31187,18853.34264,30635.4386915979,0,30635.4386915979,0,0,30635.4386915979,30856.1028286702,5675.26129039161,0.0603785629732888,93994.64,35040.957618891,33499.414185046,8318.57264676744,0.0885005001005104
"50","Opplandskraft DA",152,2014,1522014,0,1641,0,0,1641,0,0,0,0,0,14756.1,0,0,732,0,0,0,0,0,0,0,15018,0,0.27448,0,5491.3524602864,0,5491.3524602864,0,6434.2672502864,0,6434.2672502864,6434,5763.14064,0,2868.11666182575,0,5891.69060182575,0,5891.69060182575,6108.72126121001,617.368800923612,0.0418382093455325,14756.1,6583.30746256407,6523.691377653,1032.33891736661,0.0699601464727541
"51","Orkdal Energi AS",153,2014,1532014,14367.9152852245,0,0,14423,0,0,602,0,0,109899.11,0,0,8412,0,0,766,0,0,0,0,8694,0,0,0.27448,25992.4615684751,0,0,25992.4615684751,33015.0146974751,0,0,33015.0146974751,33015,16645.32912,32709.9476826491,0,32709.9476826491,0,0,32709.9476826491,32831.9744885795,6839.51292010442,0.0622344705075812,109899.11,37860.9074522451,35922.5503503371,9930.08878186204,0.0903564076348028
"52","Porsa Kraftlag AS",156,2014,1562014,0,215.075449168055,0,0,205,0,0,0,0,0,1652.36,0,0,251,0,0,0,0,0,0,0,0,0,0.27392,0,478.497467950553,0,478.497467950553,0,584.083271950553,0,584.083271950553,584,205,0,573.523727660674,0,573.523727660674,0,573.523727660674,577.747545376626,99.2500774260724,0.0600656499952022,1652.36,650.969667713234,624.215109408162,145.717641457608,0.0881875871224239
"53","Rakkestad Energi AS",157,2014,1572014,13719.1297145488,0,0,14279,0,0,1358,0,0,67693.23,0,0,5313,0,0,14,0,0,0,0,8260,0,1118.7,0.24519,22913.9308783006,0,0,22913.9308783006,27239.5282753007,0,0,27239.5282753007,27240,17648.2694,24045.1209122823,0,25220.2053534803,0,0,25220.2053534803,26027.9345222084,3114.0036439078,0.0460016997845692,67693.23,28392.9799501446,27931.599280207,5017.66840190635,0.0741236369117908
"54","Rauland Kraftforsyningslag SA",161,2014,1612014,14096.16018499,1038.7339379582,0,14424,1074,0,739,0,0,32239.2,9924.26,0,2879,543,0,0,0,0,0,0,7710,705,0,0.24424,20117.8071477819,1783.66529034146,0,21901.4724381233,22177.8920277819,2417.82550434146,0,24595.7175321233,24596,18292.2796,19800.1312597314,2002.80977750136,19800.1312597314,2144.74742750136,0,21944.8786872328,23005.214225189,1103.74178706568,0.0261776853006294,42163.46,23921.0756392097,24190.9323963751,2289.4599582518,0.0542996224278511
"55","Rauma Energi AS",162,2014,1622014,22911.7553314958,302.807890798501,0,23910,321,0,1106,0,0,88142.7,5622.67,0,6281,175,0,0,0,0,0,0,11128,191,0,0.27448,33918.2041563058,533.751063894739,0,34451.9552202005,39550.5226863057,893.039676894739,0,40443.5623632005,40444,28443.83912,37162.5014150576,674.969419021406,37162.5014150576,713.423449021406,0,37875.924864079,38902.9798637276,4451.02464352712,0.0474698136799025,93765.37,42270.6979304968,41539.8437035783,7087.88848337778,0.075591750807124
"56","Kvikne-Rennebu Kraftlag AL",163,2014,1632014,16896.750749859,0,0,18172,0,0,145,0,0,76415.59,0,0,4591,0,0,0,0,0,0,0,5367,0,117.7,0.27448,23696.4953673923,0,0,23696.4953673923,28579.4515683923,0,0,28579.4515683923,28579,19790.13416,26610.3549734942,0,26733.9872598346,0,0,26733.9872598346,27472.1729832577,3775.67761586537,0.0494097816409632,76415.59,30315.5779557005,29621.1274007772,5924.63203338491,0.0775317187681848
"57","Repv?g Kraftlag SA",164,2014,1642014,31616.5131167846,2934.09400332496,0,30292,2906,0,1431,1306,0,133972.46,39081.95,0,7906,2256,0,318,0,0,0,0,7754,6050,0,0.27392,44412.811984919,7949.42837875161,0,52362.2403636706,52973.652178919,10446.7649837516,0,63420.4171626706,63420,39398.19168,44916.6180540358,11497.0015603013,44916.6180540358,12715.0480603013,0,57631.6661143372,59947.1665336705,7584.92616999993,0.0438297190461655,173054.41,65742.7081770179,64813.791771279,12451.5514076083,0.071951656173387
"58","Rissa Kraftlag BA",166,2014,1662014,9067.81218755212,0,0,9277,0,0,901,0,0,48507.27,0,0,3656,0,0,6,0,0,0,0,3961,0,0,0.27448,14991.4179652108,0,0,14991.4179652108,18091.0325182108,0,0,18091.0325182108,18091,11259.21528,18072.0480938644,0,18072.0480938644,0,0,18072.0480938644,18079.641863603,3088.22389839215,0.0636651763414464,48507.27,20345.5787557864,19443.7602607561,4452.34229554531,0.0917871134686679
"59","Norsk Hydro Produksjon AS",167,2014,1672014,89,0,0,89,0,0,0,0,0,12074.55,0,0,401,0,0,0,0,0,0,0,832,0,0,0.24395,662.646894128878,0,0,662.646894128878,1434.21063912888,0,0,1434.21063912888,1434,291.9664,954.590292212679,0,954.590292212679,0,0,954.590292212679,1146.43843097916,483.79153685028,0.0400670448878244,12074.55,1520.52318544517,1485.99816691865,823.351272789774,0.068188982015046
"60","Rollag Elektrisitetsverk SA",168,2014,1682014,7729.66830885695,0,0,7974,0,0,229,0,0,17508.35,0,0,1365,0,0,0,0,0,0,0,2257,0,0,0.24519,10236.0511968676,0,0,10236.0511968676,11354.8347618676,0,0,11354.8347618676,11355,8756.39383,10923.9538225443,0,10923.9538225443,0,0,10923.9538225443,11096.3061982736,860.255001406022,0.0491339847219196,17508.35,11744.56835238,11588.674916175,1352.62371930741,0.0772559218491412
"61","R?d?y-Lur?y Kraftverk AS",171,2014,1712014,28471.2838937746,0,0,28215,0,0,3055,0,0,115565.21,0,0,6332,0,0,0,0,0,0,0,10069,0,0,0.27392,41683.8565284093,0,0,41683.8565284093,49068.4734474093,0,0,49068.4734474093,49068,34028.10048,51278.5719993968,0,51278.5719993968,0,0,51278.5719993968,50394.5325786018,8710.67605019248,0.075374553035403,115565.21,56695.1012822537,53644.4501483159,11960.5936199066,0.103496490162625
"62","R?ros Elektrisitetsverk AS",173,2014,1732014,17579.7261724011,999.966761423881,0,16849,1020,0,759,182,0,59737.46,2747.2,0,5117,293,0,0,0,0,0,0,6841,785,361.9,0.27448,25886.6241995279,1699.93857398879,0,27586.5627735167,29703.8478935279,1875.48465398879,0,31579.3325475167,31579,20903.18448,27859.2518829858,1608.95918245186,28239.3922774343,1767.00323245186,0,30006.3955098862,30635.5703249384,3049.00755142169,0.0487960973368774,62484.66,32935.0449764459,32392.7600048742,4806.19723135751,0.0769180344640991
"63","Sand?y Energi AS",181,2014,1812014,6698.42127487296,0,0,6985,0,0,0,0,0,21402.91,0,0,1236,0,0,0,0,0,0,0,1594,0,0,0.27448,8642.21908688232,0,0,8642.21908688232,10009.8650358823,0,0,10009.8650358823,10010,7422.52112,11702.3680233542,0,11702.3680233542,0,0,11702.3680233542,11025.3668283655,2383.14774148314,0.111346902896996,21402.91,12705.5201722869,11627.258117725,2985.03903084272,0.139468840024217
"64","Hjartdal Elverk AS",183,2014,1832014,8683.21045650129,0,0,8566,0,0,601,0,0,40493.93,0,0,2432,0,0,0,0,0,0,0,1676,0,0,0.24424,12585.4433840248,0,0,12585.4433840248,15173.0055110248,0,0,15173.0055110248,15173,9576.34624,14286.0531179963,0,14286.0531179963,0,0,14286.0531179963,14640.8340752077,2055.39069118291,0.0507579948694264,40493.93,16183.9993738198,15779.6018287018,3194.15844467703,0.0788799319966481
"65","Selbu Energiverk AS",184,2014,1842014,12207.2966576497,1083.27772237483,0,10420,959,0,563,998,0,66646.87,5279.27,0,4112,542,0,0,0,0,0,0,4203,139,263.2,0.27448,18461.9143361156,2764.12994025821,0,21226.0442763738,22720.6493291156,3101.47529325821,0,25822.1246223738,25822,14131.79216,20961.8119742273,2049.155498764,21238.2777156444,2077.140368764,0,23315.4180844084,24318.1006995946,3092.05642322077,0.0429893279859141,71926.14,26686.5887292146,26340.8030864783,5114.75881010451,0.0711112651131357
"66","Sira Kvina Kraftselskap",187,2014,1872014,1581.4,0,3718.94921262623,915,0,2779,0,0,0,7317.45,0,5972.13,739,0,1601,0,0,0,0,0,737,0,0,0.24424,2560.11643911695,0,5534.74293803328,8094.85937715022,3027.70149411695,0,5916.36204503328,8944.06353915023,8944,3874.00488,3027.70149411695,0,3027.70149411695,0,5916.36204503328,8944.06353915023,8944.06353915023,849.204162000001,0.0639000000000001,13289.58,9566.94476116219,9317.79227235741,1222.93289520718,0.0920219371272216
"67","Skj?k Energi KF",194,2014,1942014,12614.7120152041,0,0,11097,0,0,430,0,0,32589.67,0,0,3076,0,0,98,0,0,0,0,1740,0,98.7,0.24519,17221.281381373,0,0,17221.281381373,19303.761294373,0,0,19303.761294373,19304,11855.6306,15311.8691075746,0,15415.543760606,0,0,15415.543760606,16970.8307741128,-250.450607260191,-0.0076849691101564,32589.67,16943.0181785008,17887.3154248497,666.034043476706,0.0204369680170651
"68","Sk?nevik ùlen Kraftlag",196,2014,1962014,13890.9425041101,0,0,12671,0,0,1946,0,0,102205.94,0,0,5806,0,0,0,0,0,0,0,4089,0,0,0.24424,23366.5557849341,0,0,23366.5557849341,29897.5153509341,0,0,29897.5153509341,29898,15615.69736,26335.7314457676,0,26335.7314457676,0,0,26335.7314457676,27760.4450078342,4393.88922290009,0.0429905465660811,102205.94,31126.1131436152,30634.6740265428,7268.11824160867,0.0711124836933027
"69","Sognekraft AS",197,2014,1972014,31809.0752487408,8381.47527717967,0,44201,11248,0,2255,358,0,175487.5,31323.13,0,10397,2343,0,1012,150,0,0,0,11701,5964,0,0.24316,48767.6763983864,12785.3364317308,0,61553.0128301172,59981.3276483864,14786.8844387308,0,74768.2120871172,74768,61195.4214,58572.4695719289,13047.6154526078,58572.4695719289,14248.3475726078,0,72820.8171445367,73599.7751215689,12046.7622914517,0.0582502083739683,206810.63,82514.0097013718,79415.69065567,17862.6778255528,0.08637214550119
"70","Stranda Energiverk AS",204,2014,2042014,9830.81069009389,280,0,10741,280,0,1998,0,0,45745.93,2154.33,0,3180,78,0,157,0,0,0,0,9817,0,0,0.27448,17653.7638421767,374.171837708831,0,18027.9356798855,20576.9287691767,511.833524708831,0,21088.7622938855,21089,15556.57016,21797.9621063227,525.78556888118,21797.9621063227,525.78556888118,0,22323.7476752038,21829.7535226765,3801.81784279098,0.0793694615183921,47900.26,24568.8278420331,23176.8016227741,5148.86594288855,0.107491398645614
"71","Stryn Energi AS",205,2014,2052014,16570.7424727397,0,0,15604,0,0,673,0,0,83206.83,0,0,5622,0,0,792,0,0,0,0,8989,0,197.4,0.24519,25666.487358236,0,0,25666.487358236,30983.403795236,0,0,30983.403795236,30983,17689.01291,29848.1801558477,0,30055.5294619106,0,0,30055.5294619106,30426.6791952408,4760.19183700471,0.0572091478188114,83206.83,33955.4248649363,32766.6164370562,7100.12907882013,0.085331084946033
"72","Suldal Elverk KF",206,2014,2062014,15824.9723779063,1307.45531115424,0,17213,1411,0,2187,66,0,79132.49,8541.57,0,5331,691,0,0,0,0,0,0,4676,3419,0,0.24424,25308.6161099537,2831.6432222289,0,28140.2593321826,30365.1822209537,3377.4495452289,0,33742.6317661826,33743,22854.1228,32780.9519446202,3589.35713741598,32780.9519446202,4277.70440741598,0,37058.6563520362,35732.2465176947,7591.98718551213,0.0865933114710569,87674.06,41167.9303570499,38197.810920703,10057.5515885204,0.114715248598279
"73","SKL Nett AS",210,2014,2102014,23134.9780674089,29332.320149953,12928.1418629914,27552,33659,13993,1136,2345,0,143703.81,327644,107580.15,8638,15997,11994,153,128,0,0,440,12129,33313,0,0.24316,36744.3628528766,56658.9654426986,25668.8269061522,119072.155201727,45927.0363118766,77595.4170426986,32543.1984911522,156065.651845727,155626,89453.67672,43431.3558731628,61552.2054793692,43431.3558731628,68724.5246571974,32543.1984911522,144699.079021512,149245.708151198,30173.5529494709,0.0521197023364892,578927.96,171833.37184203,165526.283843509,46454.1286417816,0.0802416394637108
"74","Sykkylven Energi AS",213,2014,2132014,9167.91146365837,0,0,11775,0,0,897,0,0,59871.79,0,0,5757,0,0,3818,0,0,0,0,5738,0,526.5,0.27448,17551.860434476,0,0,17551.860434476,21377.667815476,0,0,21377.667815476,21378,10428.96624,23488.3984770393,0,24041.4350000488,0,0,24041.4350000488,22975.9281262196,5424.06769174367,0.0905947140004278,59871.79,26847.6195235058,24659.6388402938,7107.77840581789,0.118716651127649
"75","S?r Aurdal Energi AS",214,2014,2142014,11578.404669805,0,0,10839,0,0,553,0,0,79772.83,0,0,4730,0,0,0,0,0,0,0,5602,0,59.2,0.24519,18685.8563608691,0,0,18685.8563608691,23783.3401978691,0,0,23783.3401978691,23783,12765.55438,23958.483051712,0,24020.6668354958,0,0,24020.6668354958,23925.7361804451,5239.87981957598,0.0656850185655439,79772.83,27759.6110183633,26169.1026901657,7483.24632929651,0.0938069556927655
"76","Tr?nderEnergi Nett AS",215,2014,2152014,230716.887385425,49822.9504778691,0,197772,42399,0,11838,3398,0,1192523.16,515224.23,0,85740,30669,0,4709,553,0,0,1760,153540,97862,0,0.27448,373129.166036831,108503.026036599,0,481632.19207343,449331.395960831,141425.854333599,0,590757.25029443,588997,319149.82096,477352.588279826,143690.558636763,477352.588279826,165254.766648076,0,642607.354927901,621867.313074513,140235.121001082,0.0821170167334189,1707747.39,722649.296145829,669892.47780527,188260.285731839,0.110238953860641
"77","S?rfold Kraftlag SA",218,2014,2182014,14492.6711333986,0,0,13992,0,0,600,0,0,21171.62,0,0,1938,0,0,26,0,0,0,0,2621,0,0,0.27392,18425.6449921784,0,0,18425.6449921784,19778.5115101784,0,0,19778.5115101784,19779,15283.94432,10472.2072763145,0,10472.2072763145,0,0,10472.2072763145,14194.72896986,-4230.91602231835,-0.19983903084971,21171.62,11464.5188871835,14790.1159363815,-3635.52905579692,-0.171717093722489
"78","Tinfos AS",222,2014,2222014,512,0,0,512,0,0,0,0,0,1779.62,2671.45,0,204,241,0,0,0,0,0,0,186,985,0,0.24424,783.018740381862,439.31005,0,1222.32879038186,896.736458381862,610.015705,0,1506.75216338186,1507,798.00504,968.612707525341,421.863764499995,968.612707525341,620.173814499995,0,1588.78652202534,1555.97277856795,333.643988186084,0.0749581534745767,4451.07,1797.40770650677,1681.14548925681,458.816698874946,0.103080090601798
"79","Tinn Energi AS",223,2014,2232014,26204.6793482648,0,0,23991,0,0,2798,0,0,153605.85,0,0,9888,0,0,0,0,0,0,0,12804,0,530.7,0.24424,43123.0249935656,0,0,43123.0249935656,52938.4388085656,0,0,52938.4388085656,52938,29916.24896,43731.4621486545,0,44288.910359027,0,0,44288.910359027,47748.7217388424,4625.69674527684,0.0301140662629505,153605.85,51488.4004524827,52068.4157949159,8945.39080135027,0.0582360033901721
"80","Troms Kraft Nett AS",227,2014,2272014,153898.856497729,31042.9578991961,5887.45086840631,161856,31303,5726,24672,2458,42,1196285.41,315807.81,73076.53,66612,18924,4574,10935,0,0,0,1248,93597,77952,98.7,0.27392,274158.921599093,71355.9363205,10845.6066704745,356360.464590067,350601.559298093,91536.0553795,15515.1969374745,457652.811615067,456405,262112.70208,389535.08992243,71342.2529818833,389638.764575461,88356.4093328141,15515.1969374745,493510.37084575,479167.347153477,122806.882563409,0.0774723858838522,1585169.75,567807.110921539,523745.39119895,167384.926608883,0.105594323011074
"81","Tr?gstad Elverk AS",231,2014,2312014,9640.50530974484,0,0,10025,0,0,297,0,0,38982.97,0,0,2953,0,0,0,0,0,0,0,6046,0,263.2,0.24519,14679.5182650608,0,0,14679.5182650608,17170.5300480608,0,0,17170.5300480608,17171,11804.41874,19610.367859844,0,19886.8336012611,0,0,19886.8336012611,18800.312179981,4120.79391492018,0.105707541393593,38982.97,21713.9613202151,19896.5888113534,5217.07054629254,0.133829478520814
"82","Tysnes Kraftlag SA",234,2014,2342014,19645.188299183,0,0,20060,0,0,678,0,0,70070.77,0,0,4287,0,0,26,0,0,0,0,2137,0,65.8,0.24316,26209.2414582657,0,0,26209.2414582657,30686.7636612657,0,0,30686.7636612657,30687,21231.63292,23138.3521855002,0,23207.4686208544,0,0,23207.4686208544,26199.1866370189,-10.0548212467475,-0.000143495229847588,70070.77,26491.6782681811,28169.7124254149,1960.47096714926,0.027978441897374
"83","Hardanger Energi AS",238,2014,2382014,30747.8576821186,105.034205969769,0,28608,79,0,1323,0,0,107310.48,5313.61,0,8431,232,0,0,0,0,0,0,10070,1118,329,0.24316,44371.8228883667,568.187560729836,0,44940.0104490965,51228.9625603667,907.727239729836,0,52136.6898000965,52137,32730.47408,49366.8244682712,1205.7122211132,49712.4066450426,1430.7991611132,0,51143.2058061558,51540.5994037321,6600.58895463554,0.0586072567124453,112624.09,56421.8851028067,54707.8069817226,9767.79653262609,0.0867291938396669
"84","Uvdal Kraftforsyning AL",242,2014,2422014,6877.8,0,0,7239,0,0,95,0,0,36101.44,0,0,2014,0,0,38,0,0,0,0,1586,0,0,0.24424,9708.13563723705,0,0,9708.13563723705,12015.017653237,0,0,12015.017653237,12015,7683.36464,10060.3941313521,0,10060.3941313521,0,0,10060.3941313521,10842.2435401061,1134.10790286904,0.0314144782831111,36101.44,11752.4648411557,11857.4859659882,2149.3503287512,0.0595364154103327
"85","Vang Energiverk KF",248,2014,2482014,10956.0774234144,0,0,14526,0,0,431,0,0,40769.66,0,0,2835,0,0,3492,0,0,0,0,2718,0,0,0.24519,15423.800897634,0,0,15423.800897634,18028.982171634,0,0,18028.982171634,18029,12131.42642,15698.8281697324,0,15698.8281697324,0,0,15698.8281697324,16630.889770493,1207.08887285909,0.0296075285606769,40769.66,17609.6978617628,17777.4115857113,2353.61068807729,0.0577294656878985
"86","Varanger Kraftnett AS",249,2014,2492014,64682.2323201423,12374.2172776769,0,65059,12711,0,4921,2211,0,387824.85,264919.97,0,18141,10178,0,268,0,0,0,242,36541,18933,0,0.27392,99084.8823190486,29657.105794912,0,128741.988113961,123866.890234049,46585.491877912,0,170452.382111961,170210,99829.43808,110040.65848505,40506.5690147098,110040.65848505,44574.3269930153,0,154614.985478066,160949.944131624,32207.9560176629,0.0493423387376141,652744.82,185209.066791665,179306.392919783,50564.4048058225,0.0774642758648357
"87","Vest-Telemark Kraftlag AS",251,2014,2512014,47128.2112235507,5417.33806200793,0,47921,5456,0,7820,107,0,257166.2,68302.26,0,14721,3991,0,0,0,0,0,0,14055,21068,32.9,0.24424,75615.0095950231,14075.2383179925,0,89690.2479130156,92047.9297750231,18439.7527319925,0,110487.682507016,110488,69882.44152,97288.4302785871,12709.9935613378,97322.9884962643,16951.6140013378,0,114274.602497602,112759.834501367,23069.5865883519,0.0708811741338989,325468.46,129529.275112625,121912.638070381,32222.3901573656,0.0990031112611205
"88","Dalane energi IKS",257,2014,2572014,39986.7676842981,7238.3499042291,0,42439,7473,0,3929,2501,0,275944.12,19634.4,0,16879,1857,0,1731,0,0,0,0,15178,2678,1645.2,0.24424,66358.0811889997,12679.6286427823,0,79037.709831782,83990.9104569997,13934.2668027823,0,97925.177259782,97925,58972.14944,80694.4103187352,8503.84845894528,82422.5312829427,9043.01019894528,0,91465.541481888,94049.3957930456,15011.6859612635,0.0507874725175007,295578.52,105319.275741217,102361.636348643,23323.9265168608,0.0789094096447224
"89","ùrskog Energi AS",262,2014,2622014,9618.14285715557,0,0,9968,0,0,1385,0,0,64700.6,0,0,4157,0,0,0,0,0,0,0,6293,0,0,0.27448,17052.4298514419,0,0,17052.4298514419,21186.7981914419,0,0,21186.7981914419,21187,13080.30264,24805.8657850722,0,24805.8657850722,0,0,24805.8657850722,23358.2387476201,6305.80889617815,0.0974613666052271,64700.6,27838.376127228,25177.7449529136,8125.31510147167,0.125583303732449
"90","ùvre Eiker Nett AS",264,2014,2642014,18706.0021403466,0,0,15243,0,0,576,0,0,138131.64,0,0,12891,0,0,0,0,0,0,0,14076,0,0,0.24519,36116.3490258302,0,0,36116.3490258302,44942.9608218302,0,0,44942.9608218302,44943,19270.29444,45904.5087387745,0,45904.5087387745,0,0,45904.5087387745,45519.8895719968,9403.54054616658,0.0680766589477007,138131.64,52378.7242310412,49404.4188673568,13288.0698415266,0.0961985960749223
"91","èrdal Energi KF",267,2014,2672014,15353.094088299,0,0,15880,0,0,288,0,0,60929.26,0,0,3667,0,0,0,0,0,0,0,3962,0,0,0.24519,21007.021202923,0,0,21007.021202923,24900.400916923,0,0,24900.400916923,24900,17139.44278,21462.5035097797,0,21462.5035097797,0,0,21462.5035097797,22837.662472637,1830.64126971401,0.0300453553795665,60929.26,24318.2515413266,24551.1112915651,3544.09008864215,0.0581672925067882
"92","SFE Nett AS",269,2014,2692014,106559.618667873,20011.4924766975,15492.3819132817,126760,28304,16949,9354,1949,1426,639597.65,229447.76,139174.97,35080,11717,5288,256,0,0,0,1628,34567,25632,1908.4,0.24811,164578.968131454,41814.0387693359,23173.0415490115,229566.048449801,205449.257966454,56475.7506333359,32066.3221320115,293991.330731801,292363,199421.97389,180973.865236268,50357.28484785,182978.451941893,57239.8030928142,32066.3221320115,272284.577166718,280967.278592752,51401.2301429502,0.0509821375986768,1008220.38,319539.760727958,309320.388729495,79754.3402796937,0.0791040747258985
"93","Driva Kraftverk",271,2014,2712014,0,1348.50584007188,0,0,1347,0,0,0,0,0,547.42,0,0,23,0,0,0,0,0,0,0,4254,0,0.27448,0,2305.84872291135,0,2305.84872291135,0,2340.82886091135,0,2340.82886091135,2341,2514.63792,0,1385.10003231967,0,2241.55785231967,0,2241.55785231967,2281.26625575634,-24.582467155009,-0.0449060450020259,547.42,2267.21537035664,2296.66076657853,-9.18795633282571,-0.0167841078748049
"94","Svorka Energi AS",274,2014,2742014,27674.1207132417,767.646291930855,0,28268,789,0,1965,0,0,192767.59,11252.41,0,9102,1184,0,42,0,0,0,0,10002,1517,658.1,0.27448,42452.2249213389,2301.40051354118,0,44753.62543488,54770.0739223389,3020.42951254118,0,57790.50343488,57791,34141.73512,55521.038637584,3249.47212583068,56212.308031302,3554.88973583068,0,59767.1977671327,58976.5200342316,14222.8945993516,0.069713236934377,204020,69329.5937882923,64713.9576469274,19960.3322120474,0.0978351740615986
"95","Hallingdal Kraftnett AS",275,2014,2752014,65727.4197020905,7705.59145731407,0,69150,7955,0,2594,0,0,219764.89,59944.51,0,16886,3570,0,0,0,0,0,0,32407,4853,168.8,0.24316,95658.853032652,12697.6944276649,0,108356.547460317,109701.829503652,16528.1486166649,0,126229.978120317,126230,88759.1416,111066.63132351,14185.1526158077,111243.939139434,15162.2071058077,0,126406.146245242,126335.678995272,17979.131534955,0.0642778953262029,279709.4,139516.096513063,134201.649155965,25845.1016956479,0.0923998324534245
"96","Ustekveikja Kraftverk DA",287,2014,2872014,0,0,0,0,0,0,0,0,0,0,826.18,0,0,272,0,0,0,0,0,0,0,0,0,0.24519,0,272,0,272,0,324.792902,0,324.792902,325,0,0,361.974330439311,0,361.974330439311,0,361.974330439311,347.101759063587,75.1017590635868,0.0909024172257701,826.18,400.697300465591,370.335541079355,98.3355410793547,0.119024354352992
"97","Kraftverkene i Orkla DA",288,2014,2882014,0,1600.91856133613,0,0,1550,0,0,0,0,0,21154.45,0,0,4072,0,0,0,0,0,0,0,9290,0,0.27448,0,7635.73781547536,0,7635.73781547536,0,8987.50717047536,0,8987.50717047536,8988,4099.9192,0,10686.0958267811,0,12556.4515267811,0,12556.4515267811,11128.8737842588,3493.13596878343,0.165125350400669,21154.45,13547.9583815493,11723.7778971197,4088.04008164438,0.19324728752789
"98","Hydro Aluminium AS",294,2014,2942014,3105,0,0,3105,0,0,858,0,0,111173.73,0,0,8808,0,0,0,0,0,0,0,4877,0,0,0.26348,13975.4652430419,0,0,13975.4652430419,21079.4665900419,0,0,21079.4665900419,21079,5247.99196,21079.4665900419,0,21079.4665900419,0,0,21079.4665900419,21079.4665900419,7104.001347,0.0639,111173.73,26290.1676654731,24205.8872353006,10230.4219922587,0.0920219371272216
"99","Gudbrandsdal Energi AS",295,2014,2952014,44565.0312804177,6478.77883914767,0,47244,6290,0,3714,521,0,207294.42,25943.87,0,10654,1667,0,7721,21,0,0,0,19011,7623,0,0.24519,65521.6310691472,10601.968742294,0,76123.5998114412,78767.7445071472,12259.782035294,0,91027.5265424412,91028,56557.39046,82083.977277926,10895.0130511926,82083.977277926,12429.7516411926,0,94513.7289191187,93119.2479684477,16995.6481570065,0.0728681733904261,233238.29,105445.583130853,99678.3604954884,23554.7606840472,0.100990110517648
"100","Valdres Energiverk AS",306,2014,3062014,29475.5504835301,0,0,24506,0,0,1833,0,0,208071.11,0,0,13557,0,0,0,0,0,0,0,15030,0,65.8,0.24519,49686.333292678,0,0,49686.333292678,62982.077221678,0,0,62982.077221678,62982,30024.2057,64302.6422828033,0,64371.7587181576,0,0,64371.7587181576,63815.8861195657,14129.5528268877,0.067907326619672,208071.11,74124.0298405096,69667.248792977,19980.9155002989,0.0960292637468936
"101","Vinstra Kraftselskap DA",307,2014,3072014,0,366,0,0,366,0,0,0,0,0,1041.31,0,0,73,0,0,0,0,0,0,0,0,0,0.24519,0,460.138902147971,0,460.138902147971,0,526.678611147971,0,526.678611147971,527,366,0,595.871438076836,0,595.871438076836,0,595.871438076836,568.19430730529,108.055405157319,0.103768719360535,1041.31,644.677528660081,597.477961655237,137.339059507266,0.131890656487757
"102","Nordm?re Energiverk AS",311,2014,3112014,77981.0171394778,15767.7322223166,0,80199,16607,0,3158,365,0,391124.52,343591.9,0,24996,10952,0,874,0,0,0,0,28618,21695,0,0.27448,116559.763364172,32381.6732355412,0,148941.436599713,141552.620192172,54337.1956455412,0,195889.815837713,195890,113264.91224,131669.154235864,66155.8817314044,131669.154235864,70523.7360814044,0,202192.890317268,199671.660525446,50730.2239257334,0.0690473528898856,734716.42,236628.971933231,220333.309495023,71391.8728953107,0.0971692900171072
"103","Hemsedal Energi KF",343,2014,3432014,9693.9390799356,2534.59478596999,0,9926,2580,0,1122,0,0,80096.03,24795.5,0,6318,1206,0,0,0,0,0,0,4231,700,0,0.24519,18602.2056824903,4027.9152700284,0,22630.1209525187,23720.3419994903,5612.3477200284,0,29332.6897195187,29333,14837.03189,24742.3151939064,6245.8933026576,24742.3151939064,6386.8243026576,0,31129.139496564,30410.5595857459,7780.43863322722,0.0741760429390935,104891.53,36045.3945162941,33360.312597584,10730.1916450653,0.102297980066315
"104","Notodden Energi AS",349,2014,3492014,29765.6655644773,56.054973816435,0,25402,40,0,417,0,0,181553.56,8239.58,0,9353,519,0,0,0,0,0,0,10500,3000,0,0.24424,43389.8106412506,1182.28251645691,0,44572.0931577075,54991.0831252506,1708.79167845691,0,56699.8748037075,56700,29156.24,47031.0863128834,1282.36150406979,47031.0863128834,1886.35150406979,0,48917.4378169532,52030.412611655,7458.31945394742,0.0392970971129274,189793.14,57813.0224007165,57367.7633619129,12795.6702042054,0.0674190342401489
"105","Lofotkraft AS",354,2014,3542014,70807.5360085722,12754.7554170517,0,73109,13018,0,6027,4794,0,534510.18,349496.36,0,28329,11547,0,0,0,0,0,0,33725,14000,0,0.27392,116346.761556293,32892.6722593645,0,149239.433815657,150501.962058293,55225.4896633644,0,205727.451721657,205727,110020.832,129850.345898232,45406.2271582013,129850.345898232,48224.8471582013,0,178075.193056433,189136.096522523,39896.6627068654,0.0451316374954255,884006.54,219508.486952987,213996.072860455,64756.6390447981,0.0732535746226471
"106","Nore Energi AS",373,2014,3732014,10136.317138876,0,0,10397,0,0,236,0,0,42060.44,0,0,2340,0,0,0,0,0,0,0,1765,0,0,0.24519,13664.9982445199,0,0,13664.9982445199,16352.6603605199,0,0,16352.6603605199,16353,11065.76035,15733.7246240429,0,15733.7246240429,0,0,15733.7246240429,15981.2989186337,2316.30067411377,0.0550707665947806,42060.44,17705.093039415,17164.119967857,3499.12172333705,0.0831927037220022
"107","Aurland Energiverk AS",418,2014,4182014,11092.0382092877,0,0,10808,0,0,1565,0,0,41578.67,0,0,3474,0,0,0,0,0,0,0,2339,0,164.5,0.24519,17321.465829256,0,0,17321.465829256,19978.342842256,0,0,19978.342842256,19978,12946.49941,18111.2810823542,0,18284.0721707399,0,0,18284.0721707399,18961.7804393463,1640.31461009035,0.0394508677187208,41578.67,20232.8600766957,20131.0531829198,2809.58735366384,0.0675728048459424
"108","H?logaland Kraft AS",433,2014,4332014,63073.0484891194,6270.3619909456,658.065772292058,65307,7195,741,4089,144,0,316870.33,71586.78,2844.16,24199,5963,215,0,0,0,0,377,28475,8505,0,0.27392,100942.895521732,14857.8602766406,911.073389689356,116711.829188062,121190.909608732,19432.2555186406,1092.81521368936,141715.980341062,141339,87605.5616,120365.861482879,20063.6360203757,120365.861482879,22174.7218947194,1092.81521368936,143633.398591287,142866.431291197,26154.602103135,0.0668400644422519,391301.27,161973.648112524,153870.581003939,37158.751815877,0.0949620015694735
"109","E-CO Energi AS",447,2014,4472014,0,1859.85626083769,19141.304350403,0,1846,18738,0,0,0,0,29575.83,83348.23,0,1714,10928,0,0,0,0,0,0,1928,0,0.24519,0,4069.43940659491,31174.8403057246,35244.2797123195,0,5959.33494359491,36500.7922027246,42460.1271463195,42460,21056.72632,0,5269.01515676257,0,5657.17939676257,36500.7922027246,42157.9715994872,42278.8338182201,7034.55410590059,0.0622945553489716,112924.06,47450.7104586048,45454.4771336907,10210.1974213712,0.0904164924761933
"110","MùRENETT AS",460,2014,4602014,163602.07497939,41753.0750540381,1386.11165878942,176470,51119,1273,13399,1055,0,869700.9,626155.56,6958.9,68200,28506,916,0,0,0,0,734,79885,51467,0,0.27448,271408.748709932,84917.0074510519,2382.16870447607,358707.924865459,326982.636219932,124928.347735052,2826.84241447607,454737.82636946,454004,279369.49696,282064.942321146,123813.603694436,282064.942321146,134951.848121859,2826.84241447607,419843.63285748,433801.310262272,75093.3853968126,0.0499684707752871,1502815.36,490280.431303719,476063.389330015,117355.464464555,0.0780904079025087
"111","Vester?lskraft Nett AS",464,2014,4642014,40607.9647014706,11005.7503033412,0,34830,10249,0,4063,1685,0,164094.7,53930.97,0,14051,1533,0,0,0,0,0,0,13550,9001,0,0.27392,64000.1450058987,16756.5029007848,0,80756.6479066835,74485.7963358987,20202.6918837848,0,94688.4882196836,94688,57004.16992,71064.8278519788,10130.4686548368,71064.8278519788,11942.6399848368,0,83007.4678368156,87679.8759899628,6923.22808327923,0.0317541878590683,218025.67,93226.3081432496,93811.1801738231,13054.5322671396,0.0598761249862899
"112","Tr?nderEnergi Kraft AS",484,2014,4842014,0,1081.58340999643,0,0,936,0,0,0,0,0,54258.21,0,0,2842,0,0,0,0,0,0,0,7181,0,0.27448,0,5431.80268062152,0,5431.80268062152,0,8898.90229962152,0,8898.90229962152,8899,2907.04088,0,10813.5666020639,0,12259.3173320639,0,12259.3173320639,10915.1513190869,5483.3486384654,0.101060256843442,54258.21,14802.3939491565,12440.9972893425,7009.19460872099,0.129182193970663
"113","Elverum Nett AS",495,2014,4952014,31606.4111508971,0,0,27572,0,0,1531,0,0,249132.66,0,0,14172,0,0,0,0,0,0,0,17401,0,0,0.24519,52715.3972495104,0,0,52715.3972495104,68634.9742235103,0,0,68634.9742235103,68635,33369.55119,59134.7313210776,0,59134.7313210776,0,0,59134.7313210776,62934.8284820507,10219.4312325403,0.0410200382099254,249132.66,70811.5529891734,69940.9214829082,17225.5242333978,0.069141975337147
"114","Haugaland Kraft AS",503,2014,5032014,133572.285077396,17292.2149867856,2260.69183062468,132917,16742,2250,19824,1307,0,800529.03,138656.84,16968,47964,13665,1790,2740,0,0,0,0,54723,16703,0,0.24424,221091.507151901,36691.6439766378,4181.26162131947,261964.412749858,272245.312168901,45551.8160526378,5265.51682131947,323062.645042858,323063,187745.08624,249143.925798447,51782.2274232753,249143.925798447,55145.0424132753,5265.51682131947,309554.485033042,314957.749036969,52993.3362871105,0.0554234396259992,956153.87,354369.316726525,341846.648053058,79882.2353032001,0.0835453767532208
"115","Lyse Elnett AS",511,2014,5112014,207444.072011485,108436.567119522,-23.3101948450919,227920,114517,0,11202,753,0,1850500.79,631910.54,17406.34,99814,42100,984,9117,0,0,0,1111,164014,69550,19491,0.24424,364026.867734863,172768.112128374,959.343488412065,537754.323351649,482273.868215863,213147.195634374,2071.60861441206,697492.672464649,696382,402320.67136,530462.121714545,208410.688223779,550935.502284304,223588.357265545,2071.60861441206,776595.468164261,744954.349884416,207200.026532767,0.082886055658918,2499817.67,893761.660406357,815254.065229674,277499.741878024,0.11100799278614
"116","Lyse Produksjon AS",512,2014,5122014,208,821,0,208,821,0,0,0,0,9026.37,3687.51,0,649,516,0,0,0,0,0,0,0,0,0,0.24424,869.013365155131,1384.41813842482,0,2253.43150357995,1445.79840815513,1620.05002742482,0,3065.84843557995,3066,1029,1856.66627410685,1862.59836955863,1856.66627410685,1862.59836955863,0,3719.26464366548,3457.89816043127,1204.46665685131,0.0947363556090913,12713.88,4315.16286700388,3815.43709443431,1562.00559085435,0.122858292736313
"117","VOKKS Nett AS",542,2014,5422014,35195.9473157873,363.40823019745,0,33308,358,0,5144,0,0,207963.04,818.1,0,13412,101,0,768,0,0,0,0,14753,0,921.3,0.24519,59014.2323808976,485.397440628902,0,59499.6298215265,72303.0706368976,537.674030628902,0,72840.7446675265,72841,41659.28807,72411.317046633,537.674030628902,73379.0521817681,537.674030628902,0,73916.726212397,73486.3335944488,13986.7037729223,0.0669921802942657,208781.14,83702.2763664465,79357.6636868785,19858.033865352,0.0951141174214873
"118","BKK Nett AS",566,2014,5662014,427074.731560457,125445.722898306,12321.0570442816,541088,160478,20933,35857,15402,0,2587164.49,976908.36,252143.47,181990,74089,13492,20964,0,0,0,2690,195560,98408,27935.7,0.24316,710767.450765588,245616.172323247,26524.678954715,982908.30204355,876087.261676588,308040.616527247,42636.646687715,1226764.52489155,1224075,824275.25888,796184.773395753,252503.374497666,825528.481649953,275161.222292797,42636.646687715,1143326.35063047,1176701.6203349,193793.318291349,0.0507815338652892,3816216.32,1322192.00965533,1284021.01574982,301112.713706266,0.0789034709925108
"119","Eidsiva Nett AS",574,2014,5742014,335952.455839758,97650.8440067562,179,367347,106611,179,47973,24021,0,2531722.56,559627.87,3995.56,150752,46767,1120,15410,1119,0,0,1410,135542,198390,0,0.24519,583787.509264737,216722.817120139,1309.338424821,801819.664809697,745564.580848737,252483.038013139,1564.654708821,999612.273570697,998202,611478.78708,765152.250218937,195029.015890916,765152.250218937,236462.311345092,1564.654708821,1003179.21627285,1001752.43919199,199932.774382292,0.0645914140222793,3095345.99,1148257.75846915,1088799.56450977,286979.899700069,0.0927133511495009
"120","Flesberg Elektrisitetsverk AS",578,2014,5782014,12440.2091147331,0,0,12477,0,0,588,0,0,72602.84,0,0,4217,0,0,0,0,0,0,0,3325,0,32.9,0.24519,18662.7713200848,0,0,18662.7713200848,23302.0927960848,0,0,23302.0927960848,23302,13880.25675,21688.440742756,0,21722.9989604331,0,0,21722.9989604331,22354.6364946938,3691.86517460898,0.0508501482119567,72602.84,25125.8864633293,24396.3689964315,5733.59767634671,0.0789720853391783
"121","Midt Nett Buskerud AS",591,2014,5912014,29913.1523247436,1259.23197290051,0,25849,1216,0,2157,43,0,218280.19,50658.57,0,16008,2116,0,144,0,0,0,0,17835,1472,0,0.24519,53505.2703303159,3789.48591936799,0,57294.7562496839,67453.3744713159,7026.56854236799,0,74479.9430136839,74480,33854.88333,66645.5667464762,7321.94412400067,66645.5667464762,7618.30188400067,0,74263.8686304769,74350.2983837597,17055.5421340758,0.0634179399580626,268938.76,86869.0001301318,81913.3772835527,24618.6210338687,0.0915398770852842
"122","Nesset Kraft AS",593,2014,5932014,13750.2815616183,0,0,13828,0,0,156,0,0,28730.46,0,0,2918,0,0,0,0,0,0,0,4035,0,0,0.27448,18438.6797917641,0,0,18438.6797917641,20274.5561857641,0,0,20274.5561857641,20275,15091.5268,17458.7452087753,0,17458.7452087753,0,0,17458.7452087753,18585.0695995708,146.389807806747,0.00509528242174844,28730.46,18805.3388583689,19393.025789327,954.345997562901,0.03321721954897
"123","Sunndal Energi KF",599,2014,5992014,19476.2298875748,0,0,16474,0,0,383,0,0,76676.17,0,0,6281,0,0,0,0,0,0,0,4234,0,427.8,0.27448,28136.8450823058,0,0,28136.8450823058,33036.4523453058,0,0,33036.4523453058,33036,18019.14832,28568.50512813,0,29017.8669981081,0,0,29017.8669981081,30625.3011369871,2488.45605468139,0.0324540995550689,76676.17,32611.6710512683,32781.5835688833,4644.73848657755,0.0605760366822905
"124","Skagerak Nett AS",611,2014,6112014,298674.560743102,114007.041389883,0,309271,114090,0,41124,3694,0,2057839.65,886521.44,0,163742,58469,0,7566,687,0,0,1022,226897,204551,0,0.24424,568544.871605247,225204.160399993,0,793749.032005239,700040.825240247,281852.880415993,0,981893.705656239,980872,565302.85952,743581.134011656,271445.359040475,743581.134011656,313708.639078112,0,1057289.77308977,1027131.34611636,233382.314111117,0.0792641618936477,2944361.09,1195291.66884446,1109932.48356917,316183.451563935,0.107386099020869
"125","Nordvest Nett AS",613,2014,6132014,21322.811855484,0,0,16728,0,0,1560,0,0,122604.91,0,0,9544,0,0,0,0,0,0,0,17063,0,0,0.27448,37172.264711837,0,0,37172.264711837,45006.718460837,0,0,45006.718460837,45007,22971.45224,47332.8231549834,0,47332.8231549834,0,0,47332.8231549834,46402.3812773248,9230.11656548788,0.075283416997638,122604.91,53079.3024391645,49850.2688478335,12678.0041359965,0.10340535412486
"126","Energi 1 Follo R?yken AS",614,2014,6142014,49736.3314965339,0,0,50051,0,0,4736,0,0,343615.13,0,0,22870,0,0,0,0,0,0,0,48934,0,1373.7,0.24519,90305.5159949314,0,0,90305.5159949314,112262.522801931,0,0,112262.522801931,112263,66785.12746,123133.346711688,0,124576.283599928,0,0,124576.283599928,119650.779280729,29345.2632857978,0.0854015458684773,343615.13,140681.488736298,129313.902362551,39008.3863676199,0.113523482995699
"127","EB Nett AS",615,2014,6152014,78069.1546829852,44548.7644906975,0,91052,52035,0,5510,18540,0,523833.47,534232.43,9433.4,41109,29626,648,2509,153,0,0,1445,82656,102484,0,0.24512,146116.006892587,118383.758480975,648,265147.765373561,179588.965625587,152521.210757975,1250.79426,333360.970643561,331916,209856.5168,195243.251665644,157718.430281741,195243.251665644,179879.992235631,1250.79426,376374.038161275,359168.811154189,94021.0457806281,0.088075978860715,1067499.3,426407.618491197,389188.959352142,124041.193978581,0.116197915987937
"128","Agder Energi Nett AS",624,2014,6242014,353539.105051203,72611.4038199186,108,365047,75469,108,45792,3662,155,2519357.13,1222582.78,7503.29,147205,70037,549,7509,911,0,0,1199,181219,178151,1758,0.24424,605748.127080124,187824.151126212,826.04998056174,794398.328186898,766735.047687124,265947.190768212,1305.51021156174,1033987.7486669,1032789,569585.5288,757110.131514115,232310.198662719,758956.737796073,269445.589612051,1305.51021156174,1029707.83761968,1031419.80203857,237021.473851672,0.0632151125403559,3749443.2,1205443.84750717,1136861.40797106,342463.079784161,0.0913370496675776
"129","Voss Energi AS",625,2014,6252014,36692.5958976539,2391.23040604529,0,35807,2414,0,2860,0,0,197910.51,59876.84,0,13229,1810,0,1515,230,0,0,0,14711,4799,0,0.24316,58006.7487771489,5305.52232622738,0,63312.2711033763,70653.2303661489,9131.65240222738,0,79784.8827683763,79785,44080.0516,59607.1150124515,10350.3813249241,59607.1150124515,11316.5639949241,0,70923.6790073756,74468.1605117759,11155.8894083996,0.0432755502098904,257787.35,83006.1450888641,81717.6401606689,18405.3690572927,0.071397487337112
"130","Narvik Energinett AS",637,2014,6372014,38127.1013106495,11089.5203489866,0,42803,13274,0,3732,375,0,135808.64,70000.07,0,10718,4255,0,88,0,0,0,0,25564,5213,0,0.27392,60114.0911114638,17428.4468798028,0,77542.5379912666,68792.2632074638,21901.4513528028,0,90693.7145602666,90694,68526.43584,48154.9509185626,14547.331417153,48154.9509185626,15596.864707153,0,63751.8156257157,74528.575199536,-3013.96279173055,-0.0146444860945416,205808.71,73398.04829714,80316.3148023906,2773.77681112403,0.01347745103268
"131","Svorka Produksjon AS",652,2014,6522014,452.241182856213,0,0,435,0,0,0,0,0,2583.58,0,0,133,0,0,0,0,0,0,0,0,0,0,0.27448,611.361079336214,0,0,611.361079336214,776.451841336214,0,0,776.451841336214,776,435,776.451841336214,0,776.451841336214,0,0,776.451841336214,776.451841336214,165.090762,0.0639,2583.58,897.543965208126,849.107115659361,237.746036323147,0.0920219371272216
"132","Midt-Telemark Energi AS",659,2014,6592014,27345.3086945833,1437.60358507446,0,33081,1501,0,1303,0,0,179861.81,7412.39,0,11414,711,0,0,0,0,0,0,15218,1184,789.7,0.24424,44771.1931699737,2470.00934745824,0,47241.202517432,56264.3628289737,2943.66106845824,0,59208.023897432,59208,39891.02448,56660.4345746093,2834.66508168908,57489.9368390359,3073.03980168908,0,60562.9766407249,60020.9955434078,12779.7930259758,0.0682410765923752,187274.2,69340.4987706428,65287.5088213585,18046.3063039265,0.0963630137195968
"133","Stange Energi Nett AS",669,2014,6692014,27836.0537346564,1693.60374758599,0,27891,1633,0,1567,38,0,264748.27,18340.59,0,13329,1543,0,1407,0,0,0,0,13234,1111,1974.3,0.24519,47083.1492998109,3598.01337616477,0,50681.1626759757,64000.5637528109,4769.97707716477,0,68770.5408299757,68771,33239.25055,61531.84382827,4518.46715199313,63605.6520094241,4742.14478199313,0,68347.7967914173,68516.8944068406,17835.731730865,0.0630040042227906,283088.86,81616.141995312,76477.9015291775,25796.7388532018,0.0911259413500122
"134","Hafslund Nett AS",675,2014,6752014,1158626.42850463,354367.704334744,3478.79103179165,1250087,375989,4236,71023,21187,0,4790315.87,2763466.05,9317.25,289458,129640,920,32153,1464,976,0,3578,744632,348031,0,0.24519,1739522.15337157,600583.361218749,4599.71404603832,2344705.22863636,2045623.33746457,777168.841813749,5195.08632103832,2827987.26559936,2824409,1955839.04097,2109981.90374179,681017.301430509,2109981.90374179,754871.035643803,5195.08632103832,2870048.02570663,2853223.72166373,508518.493027364,0.0672367876709151,7563099.17,3224529.69128277,3065912.72100941,721207.492373046,0.0953587247981366
"135","Statkraft Energi AS",685,2014,6852014,0,179,94,0,179,94,0,0,0,0,4387.44,2372.49,0,173,392,0,0,0,0,0,0,1266,0,0.27392,0,617.222204821002,491.429116945107,1108.65132176611,0,897.579620821002,643.031227945107,1540.61084876611,1541,619.78272,0,642.695840821002,0,897.579620821002,643.031227945107,1540.61084876611,1540.61084876611,431.959527,0.0639,6759.93,1857.44805950681,1730.71317521053,622.061853444419,0.0920219371272216
"136","Yara Norge AS",686,2014,6862014,11826.7829724316,2568,0,11839,2568,0,0,0,0,19985.88,220.18,0,1067,47,0,0,0,0,0,0,3365,0,0,0.27392,14254.3327611735,2763.31885441527,0,17017.6516155887,15531.4304931735,2777.38835641527,0,18308.8188495887,18309,15328.7408,15055.749888625,1054.15854568634,15055.749888625,1054.15854568634,0,16109.9084343114,16989.4726004223,-28.1790151664245,-0.00139458237610026,20206.06,17056.9643491595,17557.7061493312,540.054533742445,0.0267273547511214
"137","Ringeriks-Kraft Nett AS",693,2014,6932014,56222.934365325,0,0,47602,0,0,4526,0,0,384856.46,0,0,25711,0,0,552,0,0,0,0,31716,0,0,0.24519,96320.6784444124,0,0,96320.6784444124,120913.006238412,0,0,120913.006238412,120913,59352.44604,113449.971143172,0,113449.971143172,0,0,113449.971143172,116435.185181268,20114.5067368558,0.0522649580491796,384856.46,131488.153095047,127258.094352393,30937.4159079809,0.0803868951764012
"138","Nord-Tr?ndelag Elektrisitetsverk",699,2014,6992014,201751.943563373,51652.3341409967,0,195079,51082,0,16009,291,0,1277285.39,521657.93,0,79801,27534,0,2142,0,0,0,1490,84251,46392,131.6,0.27445,326983.577947208,93391.4209939953,0,420374.998941203,408602.114368208,126725.362720995,0,535327.477089203,533837,296173.97135,489836.111187063,106590.039344388,489974.344057771,117506.197983624,0,607480.542041396,578619.316060519,158244.317119316,0.0879651489627342,1798943.32,691796.826942188,629209.087000994,208834.088059791,0.116087086089956
"139","Nordlandsnett AS",726,2014,7262014,76950.3708379994,30019.4981855114,0,73405,30895,0,4534,4094,0,487176.53,190935.45,0,33058,11339,0,901,97,0,0,937,49724,45335,0,0.27392,129226.21426667,57511.0794580417,0,186737.293724711,160356.79453367,69711.8547130417,0,230068.649246711,229132,137968.56128,155845.939544392,67005.1219248401,155845.939544392,77123.5353746014,0,232969.474918994,231809.144650081,45071.8509253695,0.0664666784464854,678111.98,264752.51236362,250878.967116857,64141.6733921453,0.094588615573707
"140","Mo Industripark AS",743,2014,7432014,10207.7826831386,9925.4,0,10087,10087,0,398,172,0,43597.66,26640.77,0,3577,2364,0,0,0,0,0,0,7780,0,0,0.27392,16358.7564270124,13043.3260943741,0,29402.0825213865,19144.6469010124,14745.6712973741,0,33890.3181983865,33890,22875.0976,23273.8834426765,10134.0703062592,23273.8834426765,10134.0703062592,0,33407.9537489358,33600.8995287161,4198.81700732955,0.0597794826468864,70238.43,36700.0216028937,35576.1402410908,6174.05771970431,0.0879014197741081
"141","Aktieselskabet Saudefaldene",753,2014,7532014,0,10141.360340933,0,0,10080,0,0,0,0,0,57001.37,0,0,4014,0,0,0,0,0,0,0,13301,0,0.24424,0,17418.9807908627,0,17418.9807908627,0,21061.3683338627,0,21061.3683338627,21061,13328.63624,0,19032.4635954107,0,21710.3539254107,0,21710.3539254107,21450.7596887915,4031.7788979288,0.0707312630894451,57001.37,24382.0021642532,23053.748632097,5634.7678412343,0.0988532002166667
"142","Her?ya Nett AS",852,2014,8522014,29285.9217845706,11397.9462811211,0,34193,13128,0,682,0,0,9554.6,23930.94,0,1267,1087,0,0,0,0,0,0,5126,5127,0,0.24424,33992.7675539506,14175.4713963792,0,48168.2389503298,34603.3064939506,15704.6584623792,0,50307.9649563298,50308,50507.19272,34603.3064939506,14672.4395523792,34603.3064939506,15704.6584623792,0,50307.9649563298,50307.9649563298,2139.726006,0.0638999999999999,33485.54,51877.4287072483,51249.6432068809,3081.40425655106,0.0920219371272215
"143","LYSE SENTRALNETT AS",872,2014,8722014,0,0,17856.6,0,0,18715,0,0,0,0,0,99276.94,0,0,8820,0,0,0,0,0,0,0,0,0.24424,0,0,27707.9358472554,27707.9358472554,0,0,34051.7323132554,34051.7323132554,34052,18715,0,0,0,0,34051.7323132554,34051.7323132554,34051.7323132554,6343.796466,0.0639,99276.94,38704.832088027,36843.5921781183,9135.65633086296,0.0920219371272217
"144","GASSCO AS",900,2014,9002014,0,0,916,0,0,916,0,0,0,0,0,9435.42,0,0,667,0,0,0,0,0,0,0,0,0.27392,0,0,1635.90501193317,1635.90501193317,0,0,2238.82834993317,2238.82834993317,2239,916,0,0,0,0,2238.82834993317,2238.82834993317,2238.82834993317,602.923338,0.0639,9435.42,2681.06549661472,2504.1706379421,868.265626008929,0.0920219371272216
